5 0.5420673076923077 0.8317307692307693 0.052884615384615384 0.02403846153846154
5 0.3629807692307692 0.5913461538461539 0.038461538461538464 0.015625
6 0.9987980769230769 0.7932692307692307 0 0.03485576923076923
6 0.7908653846153846 0.5637019230769231 0.22115384615384615 0.036057692307692304
10 0.7608173076923077 0.4855769230769231 0.14543269230769232 0.02283653846153846
10 0.9987980769230769 0.6682692307692307 0 0.021634615384615384
2 0.6370192307692307 0.796875 0.23197115384615385 0.026442307692307692
2 0.42788461538461536 0.5673076923076923 0.15144230769230768 0.016826923076923076
9 0.25 0.6826923076923077 0.33653846153846156 0.03365384615384615
9 0.1622596153846154 0.49158653846153844 0.23197115384615385 0.03365384615384615
4 0.42908653846153844 0.5264423076923077 0.15985576923076922 0.015625
4 0.5949519230769231 0.7295673076923077 0.1466346153846154 0.03485576923076923
7 0.5949519230769231 0.6959134615384616 0.14903846153846154 0.03245192307692308
7 0.4206730769230769 0.5024038461538461 0.13701923076923078 0.018028846153846152